0	32	22	1
0	32	38	1
0	32	120	1
0	32	36	1
0	32	102	1
0	32	9	1
0	32	31	1
0	63	40	1
0	63	30	1
0	90	4	1
0	90	72	1
0	90	7	1
0	90	100	1
0	21	119	1
0	21	22	1
0	21	101	1
0	21	30	1
0	21	51	1
0	21	5	1
0	21	20	1
0	71	74	1
0	71	1	1
0	71	40	1
0	71	72	1
0	71	111	1
0	71	76	1
0	71	2	1
0	71	100	1
0	71	54	1
0	102	27	1
0	102	32	1
0	102	0	1
0	102	78	1
0	7	25	1
0	7	90	1
0	7	30	1
0	7	26	1
0	26	22	1
0	26	25	1
0	26	87	1
0	26	94	1
0	26	7	1
0	26	13	1
0	26	41	1
0	119	69	1
0	119	1	1
0	119	18	1
0	119	21	1
0	119	45	1
0	119	55	1
0	99	92	1
0	99	18	1
0	99	94	1
0	99	10	1
0	99	62	1
0	99	44	1
0	99	47	1
0	18	75	1
0	18	94	1
0	18	114	1
0	18	119	1
0	18	112	1
0	18	99	1
0	18	88	1
0	18	16	1
0	18	82	1
0	18	113	1
0	72	4	1
0	72	53	1
0	72	90	1
0	72	71	1
0	72	30	1
0	72	73	1
0	72	111	1
0	72	76	1
0	16	18	1
0	16	94	1
0	16	13	1
0	16	68	1
0	16	47	1
0	44	120	1
0	44	39	1
0	44	9	1
0	44	115	1
0	44	41	1
0	44	14	1
0	44	42	1
0	44	38	1
0	44	99	1
0	55	119	1
0	55	89	1
0	55	51	1
0	55	12	1
0	27	25	1
0	27	102	1
0	27	101	1
0	27	66	1
0	27	23	1
0	27	10	1
0	27	12	1
0	27	20	1
0	74	60	1
0	74	71	1
0	74	70	1
0	74	57	1
0	74	111	1
0	74	76	1
0	84	104	1
0	84	36	1
0	84	17	1
0	84	12	1
0	84	20	1
0	84	22	1
0	84	87	1
0	84	101	1
0	84	5	1
0	95	112	1
0	95	53	1
0	95	88	1
0	95	93	1
0	95	51	1
0	57	92	1
0	57	74	1
0	57	88	1
0	57	94	1
0	57	15	1
0	61	30	1
0	61	66	1
0	61	68	1
0	61	10	1
0	61	5	1
0	61	82	1
0	115	104	1
0	115	17	1
0	115	22	1
0	115	112	1
0	115	87	1
0	115	88	1
0	115	45	1
0	115	10	1
0	115	44	1
0	115	5	1
0	115	54	1
0	20	27	1
0	20	84	1
0	20	53	1
0	20	28	1
0	20	21	1
0	20	89	1
0	20	23	1
0	109	67	1
0	109	53	1
0	109	94	1
0	109	117	1
0	109	96	1
0	109	62	1
0	92	87	1
0	92	99	1
0	92	93	1
0	92	36	1
0	92	0	1
0	92	57	1
0	89	104	1
0	89	87	1
0	89	101	1
0	89	13	1
0	89	20	1
0	89	55	1
0	10	27	1
0	10	99	1
0	10	61	1
0	10	13	1
0	10	115	1
0	10	12	1
0	10	14	1
0	31	32	1
0	31	0	1
0	31	78	1
0	31	47	1
0	113	25	1
0	113	104	1
0	113	81	1
0	113	87	1
0	113	18	1
0	78	112	1
0	78	93	1
0	78	75	1
0	78	24	1
0	78	102	1
0	78	114	1
0	78	62	1
0	78	31	1
0	48	1	1
0	48	40	1
0	48	36	1
0	48	41	1
0	87	84	1
0	87	26	1
0	87	115	1
0	87	12	1
0	87	14	1
0	87	92	1
0	87	89	1
0	87	86	1
0	87	110	1
0	87	82	1
0	87	113	1
0	77	25	1
0	77	24	1
0	77	86	1
0	77	110	1
0	93	22	1
0	93	92	1
0	93	95	1
0	93	100	1
0	93	78	1
0	106	5	1
0	39	67	1
0	39	28	1
0	39	36	1
0	39	9	1
0	39	44	1
0	114	104	1
0	114	18	1
0	114	0	1
0	114	111	1
0	114	76	1
0	114	78	1
0	12	27	1
0	12	104	1
0	12	84	1
0	12	17	1
0	12	87	1
0	12	1	1
0	12	116	1
0	12	10	1
0	12	55	1
0	41	69	1
0	41	45	1
0	41	86	1
0	41	26	1
0	41	2	1
0	41	44	1
0	41	48	1
0	15	81	1
0	15	57	1
0	15	45	1
0	15	66	1
0	15	117	1
0	15	2	1
0	15	96	1
0	81	15	1
0	81	112	1
0	81	1	1
0	81	88	1
0	81	86	1
0	81	110	1
0	81	82	1
0	81	113	1
0	60	74	1
0	60	67	1
0	60	53	1
0	60	94	1
0	60	117	1
0	60	96	1
0	60	62	1
0	45	119	1
0	45	49	1
0	45	51	1
0	45	115	1
0	45	41	1
0	45	14	1
0	45	15	1
0	101	27	1
0	101	84	1
0	101	28	1
0	101	21	1
0	101	89	1
0	101	23	1
0	101	62	1
0	66	25	1
0	66	27	1
0	66	61	1
0	66	15	1
0	73	36	1
0	73	72	1
0	73	100	1
0	19	23	1
0	86	104	1
0	86	36	1
0	86	41	1
0	86	79	1
0	86	81	1
0	86	112	1
0	86	87	1
0	86	77	1
0	86	88	1
0	86	49	1
0	86	30	1
0	86	110	1
0	76	74	1
0	76	75	1
0	76	72	1
0	76	71	1
0	76	114	1
0	76	100	1
0	62	25	1
0	62	109	1
0	62	99	1
0	62	60	1
0	62	28	1
0	62	101	1
0	62	78	1
0	54	75	1
0	54	71	1
0	54	49	1
0	54	115	1
0	54	14	1
0	67	109	1
0	67	60	1
0	67	39	1
0	70	74	1
0	70	24	1
0	70	23	1
0	70	68	1
0	70	96	1
0	68	53	1
0	68	70	1
0	68	61	1
0	68	9	1
0	68	16	1
0	2	6	1
0	2	71	1
0	2	41	1
0	2	15	1
0	17	84	1
0	17	28	1
0	17	115	1
0	17	12	1
0	17	14	1
0	1	6	1
0	1	71	1
0	1	51	1
0	1	12	1
0	1	48	1
0	1	81	1
0	1	22	1
0	1	119	1
0	1	0	1
0	1	96	1
0	1	5	1
0	116	88	1
0	116	75	1
0	116	12	1
0	88	57	1
0	88	95	1
0	88	115	1
0	88	14	1
0	88	81	1
0	88	116	1
0	88	18	1
0	88	86	1
0	88	110	1
0	30	120	1
0	30	63	1
0	30	21	1
0	30	36	1
0	30	61	1
0	30	7	1
0	30	38	1
0	30	4	1
0	30	72	1
0	30	86	1
0	30	100	1
0	100	53	1
0	100	90	1
0	100	71	1
0	100	111	1
0	100	4	1
0	100	93	1
0	100	73	1
0	100	30	1
0	100	76	1
0	82	25	1
0	82	104	1
0	82	81	1
0	82	87	1
0	82	18	1
0	82	61	1
0	110	104	1
0	110	36	1
0	110	79	1
0	110	81	1
0	110	112	1
0	110	87	1
0	110	77	1
0	110	88	1
0	110	49	1
0	110	86	1
0	25	27	1
0	25	28	1
0	25	7	1
0	25	26	1
0	25	22	1
0	25	77	1
0	25	66	1
0	25	62	1
0	25	82	1
0	25	113	1
0	120	32	1
0	120	30	1
0	120	44	1
0	28	25	1
0	28	39	1
0	28	101	1
0	28	23	1
0	28	62	1
0	28	17	1
0	28	20	1
0	83	42	1
0	83	36	1
0	40	42	1
0	40	53	1
0	40	63	1
0	40	71	1
0	40	13	1
0	40	48	1
0	40	47	1
0	75	116	1
0	75	18	1
0	75	0	1
0	75	111	1
0	75	76	1
0	75	78	1
0	75	54	1
0	14	104	1
0	14	17	1
0	14	22	1
0	14	112	1
0	14	87	1
0	14	88	1
0	14	45	1
0	14	10	1
0	14	44	1
0	14	5	1
0	14	54	1
0	69	119	1
0	69	53	1
0	69	51	1
0	69	41	1
0	69	47	1
0	112	95	1
0	112	78	1
0	112	115	1
0	112	14	1
0	112	81	1
0	112	18	1
0	112	86	1
0	112	110	1
0	49	45	1
0	49	117	1
0	49	86	1
0	49	96	1
0	49	47	1
0	49	54	1
0	49	110	1
0	24	22	1
0	24	77	1
0	24	70	1
0	24	78	1
0	104	84	1
0	104	114	1
0	104	115	1
0	104	12	1
0	104	14	1
0	104	89	1
0	104	86	1
0	104	110	1
0	104	82	1
0	104	113	1
0	53	95	1
0	53	40	1
0	53	68	1
0	53	20	1
0	53	109	1
0	53	69	1
0	53	60	1
0	53	72	1
0	53	23	1
0	53	105	1
0	53	100	1
0	79	86	1
0	79	110	1
0	42	83	1
0	42	40	1
0	42	96	1
0	42	44	1
0	42	47	1
0	22	25	1
0	22	84	1
0	22	32	1
0	22	21	1
0	22	26	1
0	22	115	1
0	22	14	1
0	22	1	1
0	22	93	1
0	22	24	1
0	0	75	1
0	0	102	1
0	0	9	1
0	0	114	1
0	0	92	1
0	0	1	1
0	0	4	1
0	0	31	1
0	23	27	1
0	23	53	1
0	23	28	1
0	23	70	1
0	23	101	1
0	23	13	1
0	23	19	1
0	23	20	1
0	13	40	1
0	13	89	1
0	13	23	1
0	13	16	1
0	13	26	1
0	13	10	1
0	105	53	1
0	105	94	1
0	96	70	1
0	96	15	1
0	96	109	1
0	96	42	1
0	96	60	1
0	96	1	1
0	96	49	1
0	96	5	1
0	6	1	1
0	6	2	1
0	36	84	1
0	36	32	1
0	36	39	1
0	36	83	1
0	36	9	1
0	36	48	1
0	36	92	1
0	36	30	1
0	36	73	1
0	36	86	1
0	36	110	1
0	94	109	1
0	94	99	1
0	94	60	1
0	94	18	1
0	94	57	1
0	94	16	1
0	94	26	1
0	94	105	1
0	9	32	1
0	9	39	1
0	9	36	1
0	9	0	1
0	9	68	1
0	9	44	1
0	9	5	1
0	51	69	1
0	51	1	1
0	51	21	1
0	51	95	1
0	51	45	1
0	51	117	1
0	51	55	1
0	111	74	1
0	111	75	1
0	111	72	1
0	111	71	1
0	111	114	1
0	111	100	1
0	47	40	1
0	47	42	1
0	47	69	1
0	47	99	1
0	47	4	1
0	47	49	1
0	47	16	1
0	47	31	1
0	38	32	1
0	38	30	1
0	38	44	1
0	4	90	1
0	4	72	1
0	4	0	1
0	4	30	1
0	4	100	1
0	4	47	1
0	117	109	1
0	117	60	1
0	117	49	1
0	117	51	1
0	117	5	1
0	117	15	1
0	5	84	1
0	5	21	1
0	5	61	1
0	5	9	1
0	5	115	1
0	5	14	1
0	5	1	1
0	5	106	1
0	5	117	1
0	5	96	1
1	32	22	1
1	32	38	1
1	32	34	1
1	32	9	1
1	32	108	1
1	32	31	1
1	21	22	1
1	21	30	1
1	21	114	1
1	21	58	1
1	21	5	1
1	21	20	1
1	63	30	1
1	63	91	1
1	90	8	1
1	90	34	1
1	90	91	1
1	118	74	1
1	118	9	1
1	118	108	1
1	118	121	1
1	118	92	1
1	118	1	1
1	118	4	1
1	118	31	1
1	71	1	1
1	71	39	1
1	71	73	1
1	71	2	1
1	102	22	1
1	102	30	1
1	102	114	1
1	102	41	1
1	102	58	1
1	102	5	1
1	102	20	1
1	26	25	1
1	26	94	1
1	26	91	1
1	26	115	1
1	26	41	1
1	26	22	1
1	26	87	1
1	26	23	1
1	26	62	1
1	80	85	1
1	119	8	1
1	119	59	1
1	119	60	1
1	119	49	1
1	119	95	1
1	119	91	1
1	119	5	1
1	99	57	1
1	99	121	1
1	18	104	1
1	18	75	1
1	18	94	1
1	18	97	1
1	18	88	1
1	18	56	1
1	18	16	1
1	18	117	1
1	18	65	1
1	18	82	1
1	16	42	1
1	16	18	1
1	16	94	1
1	16	43	1
1	16	68	1
1	16	47	1
1	44	104	1
1	44	39	1
1	44	9	1
1	44	115	1
1	44	41	1
1	44	14	1
1	44	42	1
1	44	38	1
1	44	43	1
1	74	4	1
1	74	93	1
1	74	118	1
1	74	57	1
1	84	42	1
1	84	22	1
1	84	87	1
1	84	111	1
1	84	5	1
1	57	112	1
1	57	92	1
1	57	74	1
1	57	99	1
1	57	93	1
1	57	56	1
1	57	94	1
1	95	53	1
1	95	97	1
1	95	119	1
1	95	112	1
1	95	59	1
1	95	93	1
1	95	88	1
1	95	45	1
1	95	96	1
1	108	6	1
1	108	35	1
1	108	32	1
1	108	118	1
1	108	78	1
1	108	109	1
1	108	34	1
1	108	0	1
1	108	37	1
1	108	100	1
1	108	54	1
1	115	35	1
1	115	26	1
1	115	48	1
1	115	109	1
1	115	103	1
1	115	77	1
1	115	106	1
1	115	45	1
1	115	117	1
1	115	44	1
1	20	25	1
1	20	120	1
1	20	28	1
1	20	21	1
1	20	102	1
1	20	23	1
1	20	65	1
1	109	42	1
1	109	120	1
1	109	3	1
1	109	73	1
1	109	108	1
1	109	62	1
1	109	115	1
1	109	41	1
1	109	31	1
1	92	25	1
1	92	104	1
1	92	118	1
1	92	57	1
1	92	112	1
1	92	93	1
1	92	0	1
1	92	65	1
1	92	54	1
1	103	25	1
1	103	94	1
1	103	91	1
1	103	115	1
1	103	41	1
1	103	22	1
1	103	23	1
1	103	62	1
1	10	104	1
1	10	111	1
1	10	17	1
1	10	14	1
1	31	35	1
1	31	32	1
1	31	118	1
1	31	78	1
1	31	109	1
1	31	34	1
1	31	0	1
1	31	37	1
1	31	100	1
1	31	54	1
1	113	24	1
1	35	42	1
1	35	120	1
1	35	3	1
1	35	73	1
1	35	108	1
1	35	62	1
1	35	115	1
1	35	41	1
1	35	31	1
1	91	104	1
1	91	67	1
1	91	63	1
1	91	90	1
1	91	97	1
1	91	26	1
1	91	121	1
1	91	119	1
1	91	4	1
1	91	103	1
1	91	88	1
1	91	101	1
1	91	96	1
1	78	112	1
1	78	93	1
1	78	24	1
1	78	108	1
1	78	62	1
1	78	31	1
1	48	1	1
1	48	115	1
1	48	41	1
1	87	84	1
1	87	26	1
1	87	14	1
1	87	82	1
1	77	59	1
1	77	25	1
1	77	115	1
1	77	41	1
1	93	74	1
1	93	92	1
1	93	95	1
1	93	57	1
1	93	97	1
1	93	78	1
1	106	104	1
1	106	39	1
1	106	9	1
1	106	115	1
1	106	41	1
1	106	14	1
1	106	42	1
1	106	38	1
1	106	43	1
1	65	92	1
1	65	85	1
1	65	18	1
1	65	24	1
1	65	105	1
1	65	20	1
1	50	24	1
1	39	34	1
1	39	28	1
1	39	106	1
1	39	71	1
1	39	30	1
1	39	9	1
1	39	44	1
1	39	121	1
1	97	112	1
1	97	93	1
1	97	18	1
1	97	95	1
1	97	91	1
1	114	25	1
1	114	21	1
1	114	102	1
1	114	82	1
1	58	25	1
1	58	21	1
1	58	102	1
1	58	82	1
1	41	35	1
1	41	102	1
1	41	26	1
1	41	48	1
1	41	109	1
1	41	103	1
1	41	77	1
1	41	106	1
1	41	45	1
1	41	44	1
1	81	1	1
1	81	85	1
1	81	88	1
1	81	82	1
1	60	67	1
1	60	53	1
1	60	94	1
1	60	119	1
1	60	59	1
1	60	8	1
1	60	62	1
1	60	96	1
1	56	59	1
1	56	1	1
1	56	18	1
1	56	57	1
1	56	54	1
1	45	49	1
1	45	95	1
1	45	43	1
1	45	115	1
1	45	41	1
1	45	14	1
1	73	109	1
1	73	35	1
1	73	34	1
1	73	71	1
1	101	8	1
1	101	34	1
1	101	91	1
1	62	104	1
1	62	109	1
1	62	35	1
1	62	60	1
1	62	103	1
1	62	26	1
1	62	78	1
1	54	108	1
1	54	14	1
1	54	92	1
1	54	56	1
1	54	49	1
1	54	30	1
1	54	43	1
1	54	31	1
1	67	60	1
1	67	91	1
1	68	53	1
1	68	9	1
1	68	16	1
1	2	8	1
1	2	6	1
1	2	34	1
1	2	71	1
1	17	10	1
1	17	14	1
1	1	6	1
1	1	118	1
1	1	71	1
1	1	48	1
1	1	81	1
1	1	22	1
1	1	56	1
1	1	0	1
1	1	5	1
1	88	81	1
1	88	85	1
1	88	18	1
1	88	95	1
1	88	37	1
1	88	91	1
1	88	14	1
1	30	104	1
1	30	39	1
1	30	63	1
1	30	21	1
1	30	102	1
1	30	121	1
1	30	38	1
1	30	4	1
1	30	54	1
1	100	22	1
1	100	38	1
1	100	34	1
1	100	9	1
1	100	108	1
1	100	31	1
1	82	25	1
1	82	81	1
1	82	87	1
1	82	18	1
1	82	111	1
1	82	114	1
1	82	58	1
1	25	28	1
1	25	114	1
1	25	26	1
1	25	58	1
1	25	20	1
1	25	92	1
1	25	8	1
1	25	22	1
1	25	103	1
1	25	77	1
1	25	82	1
1	120	38	1
1	120	8	1
1	120	109	1
1	120	35	1
1	120	20	1
1	28	25	1
1	28	39	1
1	28	23	1
1	28	20	1
1	40	42	1
1	40	53	1
1	40	43	1
1	40	47	1
1	75	18	1
1	75	0	1
1	14	111	1
1	14	17	1
1	14	22	1
1	14	87	1
1	14	88	1
1	14	106	1
1	14	45	1
1	14	10	1
1	14	44	1
1	14	5	1
1	14	54	1
1	59	119	1
1	59	60	1
1	59	77	1
1	59	95	1
1	59	56	1
1	59	96	1
1	112	92	1
1	112	95	1
1	112	57	1
1	112	97	1
1	112	9	1
1	112	78	1
1	49	119	1
1	49	37	1
1	49	45	1
1	49	96	1
1	49	47	1
1	49	54	1
1	24	22	1
1	24	50	1
1	24	65	1
1	24	78	1
1	24	113	1
1	104	94	1
1	104	91	1
1	104	47	1
1	104	92	1
1	104	18	1
1	104	106	1
1	104	30	1
1	104	10	1
1	104	44	1
1	104	62	1
1	53	60	1
1	53	95	1
1	53	40	1
1	53	23	1
1	53	68	1
1	121	8	1
1	121	99	1
1	121	39	1
1	121	118	1
1	121	0	1
1	121	30	1
1	121	43	1
1	121	91	1
1	42	84	1
1	42	109	1
1	42	35	1
1	42	106	1
1	42	40	1
1	42	16	1
1	42	44	1
1	42	47	1
1	22	25	1
1	22	84	1
1	22	32	1
1	22	21	1
1	22	102	1
1	22	26	1
1	22	14	1
1	22	1	1
1	22	103	1
1	22	24	1
1	22	100	1
1	0	92	1
1	0	4	1
1	0	1	1
1	0	75	1
1	0	9	1
1	0	108	1
1	0	31	1
1	0	121	1
1	23	103	1
1	23	53	1
1	23	28	1
1	23	26	1
1	23	20	1
1	105	43	1
1	105	65	1
1	96	8	1
1	96	59	1
1	96	60	1
1	96	49	1
1	96	95	1
1	96	91	1
1	96	5	1
1	6	8	1
1	6	1	1
1	6	108	1
1	6	2	1
1	85	81	1
1	85	88	1
1	85	80	1
1	85	65	1
1	3	38	1
1	3	8	1
1	3	109	1
1	3	35	1
1	94	104	1
1	94	60	1
1	94	103	1
1	94	18	1
1	94	57	1
1	94	16	1
1	94	26	1
1	9	112	1
1	9	32	1
1	9	39	1
1	9	106	1
1	9	118	1
1	9	0	1
1	9	68	1
1	9	44	1
1	9	100	1
1	9	5	1
1	111	84	1
1	111	10	1
1	111	14	1
1	111	82	1
1	47	104	1
1	47	42	1
1	47	49	1
1	47	40	1
1	47	16	1
1	8	25	1
1	8	6	1
1	8	90	1
1	8	120	1
1	8	3	1
1	8	2	1
1	8	121	1
1	8	119	1
1	8	60	1
1	8	4	1
1	8	101	1
1	8	96	1
1	38	32	1
1	38	120	1
1	38	106	1
1	38	3	1
1	38	30	1
1	38	44	1
1	38	100	1
1	4	74	1
1	4	8	1
1	4	118	1
1	4	0	1
1	4	30	1
1	4	43	1
1	4	91	1
1	34	32	1
1	34	39	1
1	34	90	1
1	34	108	1
1	34	2	1
1	34	73	1
1	34	101	1
1	34	100	1
1	34	31	1
1	37	88	1
1	37	49	1
1	37	108	1
1	37	31	1
1	117	18	1
1	117	115	1
1	43	40	1
1	43	121	1
1	43	4	1
1	43	106	1
1	43	45	1
1	43	16	1
1	43	105	1
1	43	44	1
1	43	54	1
1	5	119	1
1	5	84	1
1	5	1	1
1	5	21	1
1	5	102	1
1	5	9	1
1	5	96	1
1	5	14	1
2	32	22	1
2	32	38	1
2	32	34	1
2	32	36	1
2	32	23	1
2	32	9	1
2	32	29	1
2	33	35	1
2	33	28	1
2	33	95	1
2	33	71	1
2	33	91	1
2	33	17	1
2	33	52	1
2	33	29	1
2	63	40	1
2	63	30	1
2	63	26	1
2	63	91	1
2	90	8	1
2	90	88	1
2	90	34	1
2	90	91	1
2	90	113	1
2	71	69	1
2	71	1	1
2	71	33	1
2	71	39	1
2	71	40	1
2	71	73	1
2	71	76	1
2	71	2	1
2	71	29	1
2	102	1	1
2	102	36	1
2	102	41	1
2	7	112	1
2	7	25	1
2	7	3	1
2	7	30	1
2	7	26	1
2	80	85	1
2	80	23	1
2	80	62	1
2	26	25	1
2	26	63	1
2	26	7	1
2	26	41	1
2	26	38	1
2	26	22	1
2	26	101	1
2	26	23	1
2	26	13	1
2	26	62	1
2	99	8	1
2	99	60	1
2	99	87	1
2	99	34	1
2	99	91	1
2	99	113	1
2	18	75	1
2	18	97	1
2	18	108	1
2	18	109	1
2	18	103	1
2	18	88	1
2	18	16	1
2	18	65	1
2	18	82	1
2	16	11	1
2	16	68	1
2	16	15	1
2	16	47	1
2	16	18	1
2	16	106	1
2	16	43	1
2	16	13	1
2	44	38	1
2	44	42	1
2	44	39	1
2	44	43	1
2	44	9	1
2	44	41	1
2	44	14	1
2	55	52	1
2	55	50	1
2	55	89	1
2	55	51	1
2	55	12	1
2	74	57	1
2	74	76	1
2	84	42	1
2	84	22	1
2	84	87	1
2	84	12	1
2	84	5	1
2	84	20	1
2	57	92	1
2	57	74	1
2	57	93	1
2	57	29	1
2	57	15	1
2	95	33	1
2	95	53	1
2	95	97	1
2	95	111	1
2	95	108	1
2	95	88	1
2	95	45	1
2	95	96	1
2	95	105	1
2	61	30	1
2	61	43	1
2	108	18	1
2	108	95	1
2	108	86	1
2	108	14	1
2	20	25	1
2	20	84	1
2	20	103	1
2	20	28	1
2	20	89	1
2	20	23	1
2	20	29	1
2	20	65	1
2	92	11	1
2	92	103	1
2	92	93	1
2	92	36	1
2	92	0	1
2	92	57	1
2	92	65	1
2	109	18	1
2	109	0	1
2	109	76	1
2	103	85	1
2	103	20	1
2	103	38	1
2	103	92	1
2	103	18	1
2	103	24	1
2	103	86	1
2	103	76	1
2	103	110	1
2	89	87	1
2	89	85	1
2	89	13	1
2	89	20	1
2	89	55	1
2	113	25	1
2	113	90	1
2	113	3	1
2	113	2	1
2	113	112	1
2	113	99	1
2	113	4	1
2	113	29	1
2	113	96	1
2	35	67	1
2	35	33	1
2	35	39	1
2	35	3	1
2	35	64	1
2	35	41	1
2	35	14	1
2	35	112	1
2	35	42	1
2	35	62	1
2	35	82	1
2	11	92	1
2	11	69	1
2	11	16	1
2	11	17	1
2	11	79	1
2	11	107	1
2	91	67	1
2	91	33	1
2	91	63	1
2	91	90	1
2	91	97	1
2	91	12	1
2	91	99	1
2	91	100	1
2	91	96	1
2	48	1	1
2	48	36	1
2	48	41	1
2	107	11	1
2	107	28	1
2	107	12	1
2	107	14	1
2	87	84	1
2	87	99	1
2	87	46	1
2	87	89	1
2	87	12	1
2	87	14	1
2	87	82	1
2	93	22	1
2	93	92	1
2	93	46	1
2	93	57	1
2	93	97	1
2	106	53	1
2	106	9	1
2	106	111	1
2	106	16	1
2	29	25	1
2	29	32	1
2	29	33	1
2	29	28	1
2	29	39	1
2	29	57	1
2	29	71	1
2	29	20	1
2	29	4	1
2	29	24	1
2	29	113	1
2	29	5	1
2	29	110	1
2	65	85	1
2	65	20	1
2	65	92	1
2	65	18	1
2	65	24	1
2	65	86	1
2	65	76	1
2	65	110	1
2	50	104	1
2	50	24	1
2	50	110	1
2	50	55	1
2	39	35	1
2	39	67	1
2	39	28	1
2	39	36	1
2	39	71	1
2	39	9	1
2	39	34	1
2	39	30	1
2	39	29	1
2	39	44	1
2	64	35	1
2	64	67	1
2	64	36	1
2	64	43	1
2	64	2	1
2	64	62	1
2	97	93	1
2	97	18	1
2	97	95	1
2	97	24	1
2	97	91	1
2	97	12	1
2	97	110	1
2	12	84	1
2	12	97	1
2	12	91	1
2	12	17	1
2	12	14	1
2	12	107	1
2	12	87	1
2	12	1	1
2	12	86	1
2	12	55	1
2	41	35	1
2	41	102	1
2	41	26	1
2	41	48	1
2	41	69	1
2	41	45	1
2	41	44	1
2	41	105	1
2	15	34	1
2	15	57	1
2	15	45	1
2	15	23	1
2	15	16	1
2	15	2	1
2	15	96	1
2	15	105	1
2	52	112	1
2	52	33	1
2	52	3	1
2	52	51	1
2	52	55	1
2	60	99	1
2	60	67	1
2	60	34	1
2	60	53	1
2	60	111	1
2	60	96	1
2	60	62	1
2	45	95	1
2	45	51	1
2	45	41	1
2	45	14	1
2	45	15	1
2	45	49	1
2	45	46	1
2	45	43	1
2	45	23	1
2	73	34	1
2	73	36	1
2	73	71	1
2	73	47	1
2	101	112	1
2	101	25	1
2	101	3	1
2	101	30	1
2	101	26	1
2	86	85	1
2	86	36	1
2	86	108	1
2	86	12	1
2	86	79	1
2	86	103	1
2	86	88	1
2	86	34	1
2	86	65	1
2	76	109	1
2	76	74	1
2	76	103	1
2	76	75	1
2	76	71	1
2	76	65	1
2	62	104	1
2	62	35	1
2	62	60	1
2	62	64	1
2	62	80	1
2	62	26	1
2	67	104	1
2	67	35	1
2	67	60	1
2	67	39	1
2	67	64	1
2	67	91	1
2	68	53	1
2	68	9	1
2	68	111	1
2	68	16	1
2	2	8	1
2	2	34	1
2	2	64	1
2	2	71	1
2	2	113	1
2	2	15	1
2	17	33	1
2	17	11	1
2	17	28	1
2	17	12	1
2	17	14	1
2	1	22	1
2	1	0	1
2	1	71	1
2	1	102	1
2	1	12	1
2	1	5	1
2	1	48	1
2	88	90	1
2	88	18	1
2	88	95	1
2	88	86	1
2	88	14	1
2	30	38	1
2	30	4	1
2	30	39	1
2	30	63	1
2	30	36	1
2	30	61	1
2	30	101	1
2	30	7	1
2	30	100	1
2	100	40	1
2	100	30	1
2	100	91	1
2	110	22	1
2	110	50	1
2	110	103	1
2	110	97	1
2	110	29	1
2	110	65	1
2	82	35	1
2	82	25	1
2	82	87	1
2	82	18	1
2	25	85	1
2	25	28	1
2	25	40	1
2	25	7	1
2	25	26	1
2	25	20	1
2	25	8	1
2	25	101	1
2	25	29	1
2	25	113	1
2	25	82	1
2	28	25	1
2	28	33	1
2	28	39	1
2	28	23	1
2	28	29	1
2	28	17	1
2	28	107	1
2	28	20	1
2	83	42	1
2	40	25	1
2	40	53	1
2	40	63	1
2	40	71	1
2	40	111	1
2	40	47	1
2	40	8	1
2	40	42	1
2	40	13	1
2	40	43	1
2	40	100	1
2	75	18	1
2	75	0	1
2	75	76	1
2	75	79	1
2	14	35	1
2	14	108	1
2	14	17	1
2	14	12	1
2	14	107	1
2	14	22	1
2	14	87	1
2	14	88	1
2	14	45	1
2	14	23	1
2	14	44	1
2	14	105	1
2	14	5	1
2	112	35	1
2	112	7	1
2	112	52	1
2	112	8	1
2	112	38	1
2	112	46	1
2	112	101	1
2	112	5	1
2	112	113	1
2	69	11	1
2	69	53	1
2	69	71	1
2	69	51	1
2	69	111	1
2	69	41	1
2	69	47	1
2	49	45	1
2	49	96	1
2	49	105	1
2	49	47	1
2	24	22	1
2	24	50	1
2	24	103	1
2	24	97	1
2	24	29	1
2	24	65	1
2	104	50	1
2	104	67	1
2	104	53	1
2	104	111	1
2	104	96	1
2	104	62	1
2	53	104	1
2	53	95	1
2	53	40	1
2	53	68	1
2	53	69	1
2	53	60	1
2	53	106	1
2	53	23	1
2	79	11	1
2	79	0	1
2	79	75	1
2	79	46	1
2	79	86	1
2	22	84	1
2	22	32	1
2	22	26	1
2	22	14	1
2	22	1	1
2	22	93	1
2	22	24	1
2	22	110	1
2	42	84	1
2	42	35	1
2	42	83	1
2	42	40	1
2	42	105	1
2	42	44	1
2	42	47	1
2	0	109	1
2	0	92	1
2	0	4	1
2	0	1	1
2	0	75	1
2	0	9	1
2	0	79	1
2	46	112	1
2	46	87	1
2	46	93	1
2	46	3	1
2	46	45	1
2	46	105	1
2	46	79	1
2	13	40	1
2	13	89	1
2	13	16	1
2	13	26	1
2	23	32	1
2	23	53	1
2	23	28	1
2	23	80	1
2	23	111	1
2	23	26	1
2	23	14	1
2	23	15	1
2	23	20	1
2	23	45	1
2	23	105	1
2	105	95	1
2	105	51	1
2	105	41	1
2	105	14	1
2	105	15	1
2	105	42	1
2	105	49	1
2	105	46	1
2	105	43	1
2	105	23	1
2	96	104	1
2	96	95	1
2	96	91	1
2	96	15	1
2	96	8	1
2	96	60	1
2	96	49	1
2	96	5	1
2	96	113	1
2	85	25	1
2	85	103	1
2	85	89	1
2	85	86	1
2	85	80	1
2	85	65	1
2	3	35	1
2	3	7	1
2	3	52	1
2	3	8	1
2	3	38	1
2	3	46	1
2	3	101	1
2	3	5	1
2	3	113	1
2	36	32	1
2	36	39	1
2	36	64	1
2	36	102	1
2	36	9	1
2	36	48	1
2	36	92	1
2	36	34	1
2	36	30	1
2	36	73	1
2	36	86	1
2	9	32	1
2	9	39	1
2	9	36	1
2	9	106	1
2	9	0	1
2	9	68	1
2	9	44	1
2	9	5	1
2	111	104	1
2	111	95	1
2	111	40	1
2	111	68	1
2	111	69	1
2	111	60	1
2	111	106	1
2	111	23	1
2	51	69	1
2	51	52	1
2	51	45	1
2	51	105	1
2	51	55	1
2	47	69	1
2	47	42	1
2	47	49	1
2	47	40	1
2	47	73	1
2	47	16	1
2	8	25	1
2	8	90	1
2	8	40	1
2	8	3	1
2	8	2	1
2	8	112	1
2	8	99	1
2	8	4	1
2	8	96	1
2	38	112	1
2	38	103	1
2	38	32	1
2	38	3	1
2	38	30	1
2	38	26	1
2	38	44	1
2	4	8	1
2	4	0	1
2	4	30	1
2	4	43	1
2	4	29	1
2	4	113	1
2	34	32	1
2	34	39	1
2	34	90	1
2	34	36	1
2	34	2	1
2	34	15	1
2	34	99	1
2	34	60	1
2	34	73	1
2	34	86	1
2	43	64	1
2	43	40	1
2	43	61	1
2	43	4	1
2	43	45	1
2	43	16	1
2	43	44	1
2	43	105	1
2	5	84	1
2	5	112	1
2	5	1	1
2	5	3	1
2	5	9	1
2	5	96	1
2	5	29	1
2	5	14	1
